3300 4 2
0 4 873 25                               
1 0
100 4 873 25
1 0
200 4 873 25
1 0
300 4 873 25
1 0
400 4 873 25
1 0
500 4 873 25                               
1 0
600 4 873 25
1 0
700 4 873 25
1 0
800 4 873 25
1 0
900 4 873 25
1 0
0 3 873 25                               
1 0
100 3 873 25
1 0
200 3 873 25
1 0
300 3 873 25
1 0
400 3 873 25
1 0
500 3 873 25                               
0 1
600 3 873 25
0 1
700 3 873 25
0 1
800 3 873 25
0 1
900 3 873 25
0 1
0 2 873 25                               
0 1
100 2 873 25
0 1
200 2 873 25
0 1
300 2 873 25
0 1
400 2 873 25
0 1
500 2 873 25                               
0 1
600 2 873 25
0 1
700 2 873 25
0 1
800 2 873 25
0 1
900 2 873 25
0 1
0 1 873 25                               
0 1
100 1 873 25
0 1
200 1 873 25
0 1
300 1 873 25
0 1
400 1 873 25
0 1
500 1 873 25                               
0 1
600 1 873 25
0 1
700 1 873 25
0 1
800 1 873 25
0 1
900 1 873 25
0 1
0 0 873 25                               
0 1
100 0 873 25
0 1
200 0 873 25
0 1
300 0 873 25
0 1
400 0 873 25
0 1
500 0 873 25                               
0 1
600 0 873 25
0 1
700 0 873 25
0 1
800 0 873 25
0 1
900 0 873 25
0 1
0 4 873 24                               
0 1
100 4 873 24
0 1
200 4 873 24
0 1
300 4 873 24
0 1
400 4 873 24
0 1
500 4 873 24                               
0 1
600 4 873 24
0 1
700 4 873 24
0 1
800 4 873 24
0 1
900 4 873 24
0 1
0 3 873 24                               
0 1
100 3 873 24
0 1
200 3 873 24
0 1
300 3 873 24
0 1
400 3 873 24
0 1
500 3 873 24                               
0 1
600 3 873 24
0 1
700 3 873 24
0 1
800 3 873 24
0 1
900 3 873 24
0 1
0 2 873 24                               
0 1
100 2 873 24
0 1
200 2 873 24
0 1
300 2 873 24
0 1
400 2 873 24
0 1
500 2 873 24                               
0 1
600 2 873 24
0 1
700 2 873 24
0 1
800 2 873 24
0 1
900 2 873 24
0 1
0 1 873 24                               
0 1
100 1 873 24
0 1
200 1 873 24
0 1
300 1 873 24
0 1
400 1 873 24
0 1
500 1 873 24                               
0 1
600 1 873 24
0 1
700 1 873 24
0 1
800 1 873 24
0 1
900 1 873 24
0 1
0 0 873 24                               
0 1
100 0 873 24
0 1
200 0 873 24
0 1
300 0 873 24
0 1
400 0 873 24
0 1
500 0 873 24                               
0 1
600 0 873 24
0 1
700 0 873 24
0 1
800 0 873 24
0 1
900 0 873 24
0 1
0 4 873 23                               
0 1
100 4 873 23
0 1
200 4 873 23
0 1
300 4 873 23
0 1
400 4 873 23
0 1
500 4 873 23                               
0 1
600 4 873 23
0 1
700 4 873 23
0 1
800 4 873 23
0 1
900 4 873 23
0 1
0 3 873 23                               
0 1
100 3 873 23
0 1
200 3 873 23
0 1
300 3 873 23
0 1
400 3 873 23
0 1
500 3 873 23                               
0 1
600 3 873 23
0 1
700 3 873 23
0 1
800 3 873 23
0 1
900 3 873 23
0 1
0 2 873 23                               
0 1
100 2 873 23
0 1
200 2 873 23
0 1
300 2 873 23
0 1
400 2 873 23
0 1
500 2 873 23                               
0 1
600 2 873 23
0 1
700 2 873 23
0 1
800 2 873 23
0 1
900 2 873 23
0 1
0 1 873 23                               
0 1
100 1 873 23
0 1
200 1 873 23
0 1
300 1 873 23
0 1
400 1 873 23
0 1
500 1 873 23                               
0 1
600 1 873 23
0 1
700 1 873 23
0 1
800 1 873 23
0 1
900 1 873 23
0 1
0 0 873 23                               
0 1
100 0 873 23
0 1
200 0 873 23
0 1
300 0 873 23
0 1
400 0 873 23
0 1
500 0 873 23                               
0 1
600 0 873 23
0 1
700 0 873 23
0 1
800 0 873 23
0 1
900 0 873 23
0 1
0 4 873 22                               
0 1
100 4 873 22
0 1
200 4 873 22
0 1
300 4 873 22
0 1
400 4 873 22
0 1
500 4 873 22                               
0 1
600 4 873 22
0 1
700 4 873 22
0 1
800 4 873 22
0 1
900 4 873 22
0 1
0 3 873 22                               
0 1
100 3 873 22
0 1
200 3 873 22
0 1
300 3 873 22
0 1
400 3 873 22
0 1
500 3 873 22                               
0 1
600 3 873 22
0 1
700 3 873 22
0 1
800 3 873 22
0 1
900 3 873 22
0 1
0 2 873 22                               
0 1
100 2 873 22
0 1
200 2 873 22
0 1
300 2 873 22
0 1
400 2 873 22
0 1
500 2 873 22                               
0 1
600 2 873 22
0 1
700 2 873 22
0 1
800 2 873 22
0 1
900 2 873 22
0 1
0 1 873 22                               
0 1
100 1 873 22
0 1
200 1 873 22
0 1
300 1 873 22
0 1
400 1 873 22
0 1
500 1 873 22                               
0 1
600 1 873 22
0 1
700 1 873 22
0 1
800 1 873 22
0 1
900 1 873 22
0 1
0 0 873 22                               
0 1
100 0 873 22
0 1
200 0 873 22
0 1
300 0 873 22
0 1
400 0 873 22
0 1
500 0 873 22                               
0 1
600 0 873 22
0 1
700 0 873 22
0 1
800 0 873 22
0 1
900 0 873 22
0 1
0 4 873 21                               
0 1
100 4 873 21
0 1
200 4 873 21
0 1
300 4 873 21
0 1
400 4 873 21
0 1
500 4 873 21                               
0 1
600 4 873 21
0 1
700 4 873 21
0 1
800 4 873 21
0 1
900 4 873 21
0 1
0 3 873 21                               
0 1
100 3 873 21
0 1
200 3 873 21
0 1
300 3 873 21
0 1
400 3 873 21
0 1
500 3 873 21                               
0 1
600 3 873 21
0 1
700 3 873 21
0 1
800 3 873 21
0 1
900 3 873 21
0 1
0 2 873 21                               
0 1
100 2 873 21
0 1
200 2 873 21
0 1
300 2 873 21
0 1
400 2 873 21
0 1
500 2 873 21                               
0 1
600 2 873 21
0 1
700 2 873 21
0 1
800 2 873 21
0 1
900 2 873 21
0 1
0 1 873 21                               
0 1
100 1 873 21
0 1
200 1 873 21
0 1
300 1 873 21
0 1
400 1 873 21
0 1
500 1 873 21                               
0 1
600 1 873 21
0 1
700 1 873 21
0 1
800 1 873 21
0 1
900 1 873 21
0 1
0 0 873 21                               
0 1
100 0 873 21
0 1
200 0 873 21
0 1
300 0 873 21
0 1
400 0 873 21
0 1
500 0 873 21                               
0 1
600 0 873 21
0 1
700 0 873 21
0 1
800 0 873 21
0 1
900 0 873 21
0 1
0 4 873 20                               
0 1
100 4 873 20
0 1
200 4 873 20
0 1
300 4 873 20
0 1
400 4 873 20
0 1
500 4 873 20                               
0 1
600 4 873 20
0 1
700 4 873 20
0 1
800 4 873 20
0 1
900 4 873 20
0 1
0 3 873 20                               
0 1
100 3 873 20
0 1
200 3 873 20
0 1
300 3 873 20
0 1
400 3 873 20
0 1
500 3 873 20                               
0 1
600 3 873 20
0 1
700 3 873 20
0 1
800 3 873 20
0 1
900 3 873 20
0 1
0 2 873 20                               
0 1
100 2 873 20
0 1
200 2 873 20
0 1
300 2 873 20
0 1
400 2 873 20
0 1
500 2 873 20                               
0 1
600 2 873 20
0 1
700 2 873 20
0 1
800 2 873 20
0 1
900 2 873 20
0 1
0 1 873 20                               
0 1
100 1 873 20
0 1
200 1 873 20
0 1
300 1 873 20
0 1
400 1 873 20
0 1
500 1 873 20                               
0 1
600 1 873 20
0 1
700 1 873 20
0 1
800 1 873 20
0 1
900 1 873 20
0 1
0 0 873 20                               
0 1
100 0 873 20
0 1
200 0 873 20
0 1
300 0 873 20
0 1
400 0 873 20
0 1
500 0 873 20                               
0 1
600 0 873 20
0 1
700 0 873 20
0 1
800 0 873 20
0 1
900 0 873 20
0 1
0 4 873 19                               
0 1
100 4 873 19
0 1
200 4 873 19
0 1
300 4 873 19
0 1
400 4 873 19
0 1
500 4 873 19                               
0 1
600 4 873 19
0 1
700 4 873 19
0 1
800 4 873 19
0 1
900 4 873 19
0 1
0 3 873 19                               
0 1
100 3 873 19
0 1
200 3 873 19
0 1
300 3 873 19
0 1
400 3 873 19
0 1
500 3 873 19                               
0 1
600 3 873 19
0 1
700 3 873 19
0 1
800 3 873 19
0 1
900 3 873 19
0 1
0 2 873 19                               
0 1
100 2 873 19
0 1
200 2 873 19
0 1
300 2 873 19
0 1
400 2 873 19
0 1
500 2 873 19                               
0 1
600 2 873 19
0 1
700 2 873 19
0 1
800 2 873 19
0 1
900 2 873 19
0 1
0 1 873 19                               
0 1
100 1 873 19
0 1
200 1 873 19
0 1
300 1 873 19
0 1
400 1 873 19
0 1
500 1 873 19                               
0 1
600 1 873 19
0 1
700 1 873 19
0 1
800 1 873 19
0 1
900 1 873 19
0 1
0 0 873 19                               
0 1
100 0 873 19
0 1
200 0 873 19
0 1
300 0 873 19
0 1
400 0 873 19
0 1
500 0 873 19                               
0 1
600 0 873 19
0 1
700 0 873 19
0 1
800 0 873 19
0 1
900 0 873 19
0 1
0 4 873 18                               
0 1
100 4 873 18
0 1
200 4 873 18
0 1
300 4 873 18
0 1
400 4 873 18
0 1
500 4 873 18                               
0 1
600 4 873 18
0 1
700 4 873 18
0 1
800 4 873 18
0 1
900 4 873 18
0 1
0 3 873 18                               
0 1
100 3 873 18
0 1
200 3 873 18
0 1
300 3 873 18
0 1
400 3 873 18
0 1
500 3 873 18                               
0 1
600 3 873 18
0 1
700 3 873 18
0 1
800 3 873 18
0 1
900 3 873 18
0 1
0 2 873 18                               
0 1
100 2 873 18
0 1
200 2 873 18
0 1
300 2 873 18
0 1
400 2 873 18
0 1
500 2 873 18                               
0 1
600 2 873 18
0 1
700 2 873 18
0 1
800 2 873 18
0 1
900 2 873 18
0 1
0 1 873 18                               
0 1
100 1 873 18
0 1
200 1 873 18
0 1
300 1 873 18
0 1
400 1 873 18
0 1
500 1 873 18                               
0 1
600 1 873 18
0 1
700 1 873 18
0 1
800 1 873 18
0 1
900 1 873 18
0 1
0 0 873 18                               
0 1
100 0 873 18
0 1
200 0 873 18
0 1
300 0 873 18
0 1
400 0 873 18
0 1
500 0 873 18                               
0 1
600 0 873 18
0 1
700 0 873 18
0 1
800 0 873 18
0 1
900 0 873 18
0 1
0 4 873 17                               
0 1
100 4 873 17
0 1
200 4 873 17
0 1
300 4 873 17
0 1
400 4 873 17
0 1
500 4 873 17                               
0 1
600 4 873 17
0 1
700 4 873 17
0 1
800 4 873 17
0 1
900 4 873 17
0 1
0 3 873 17                               
0 1
100 3 873 17
0 1
200 3 873 17
0 1
300 3 873 17
0 1
400 3 873 17
0 1
500 3 873 17                               
0 1
600 3 873 17
0 1
700 3 873 17
0 1
800 3 873 17
0 1
900 3 873 17
0 1
0 2 873 17                               
0 1
100 2 873 17
0 1
200 2 873 17
0 1
300 2 873 17
0 1
400 2 873 17
0 1
500 2 873 17                               
0 1
600 2 873 17
0 1
700 2 873 17
0 1
800 2 873 17
0 1
900 2 873 17
0 1
0 1 873 17                               
0 1
100 1 873 17
0 1
200 1 873 17
0 1
300 1 873 17
0 1
400 1 873 17
0 1
500 1 873 17                               
0 1
600 1 873 17
0 1
700 1 873 17
0 1
800 1 873 17
0 1
900 1 873 17
0 1
0 0 873 17                               
0 1
100 0 873 17
0 1
200 0 873 17
0 1
300 0 873 17
0 1
400 0 873 17
0 1
500 0 873 17                               
0 1
600 0 873 17
0 1
700 0 873 17
0 1
800 0 873 17
0 1
900 0 873 17
0 1
0 4 873 16                               
0 1
100 4 873 16
0 1
200 4 873 16
0 1
300 4 873 16
0 1
400 4 873 16
0 1
500 4 873 16                               
0 1
600 4 873 16
0 1
700 4 873 16
0 1
800 4 873 16
0 1
900 4 873 16
0 1
0 3 873 16                               
0 1
100 3 873 16
0 1
200 3 873 16
0 1
300 3 873 16
0 1
400 3 873 16
0 1
500 3 873 16                               
0 1
600 3 873 16
0 1
700 3 873 16
0 1
800 3 873 16
0 1
900 3 873 16
0 1
0 2 873 16                               
0 1
100 2 873 16
0 1
200 2 873 16
0 1
300 2 873 16
0 1
400 2 873 16
0 1
500 2 873 16                               
0 1
600 2 873 16
0 1
700 2 873 16
0 1
800 2 873 16
0 1
900 2 873 16
0 1
0 1 873 16                               
0 1
100 1 873 16
0 1
200 1 873 16
0 1
300 1 873 16
0 1
400 1 873 16
0 1
500 1 873 16                               
0 1
600 1 873 16
0 1
700 1 873 16
0 1
800 1 873 16
0 1
900 1 873 16
0 1
0 0 873 16                               
0 1
100 0 873 16
0 1
200 0 873 16
0 1
300 0 873 16
0 1
400 0 873 16
0 1
500 0 873 16                               
0 1
600 0 873 16
0 1
700 0 873 16
0 1
800 0 873 16
0 1
900 0 873 16
0 1
0 4 873 15                               
0 1
100 4 873 15
0 1
200 4 873 15
0 1
300 4 873 15
0 1
400 4 873 15
0 1
500 4 873 15                               
0 1
600 4 873 15
0 1
700 4 873 15
0 1
800 4 873 15
0 1
900 4 873 15
0 1
0 3 873 15                               
0 1
100 3 873 15
0 1
200 3 873 15
0 1
300 3 873 15
0 1
400 3 873 15
0 1
500 3 873 15                               
0 1
600 3 873 15
0 1
700 3 873 15
0 1
800 3 873 15
0 1
900 3 873 15
0 1
0 2 873 15                               
0 1
100 2 873 15
0 1
200 2 873 15
0 1
300 2 873 15
0 1
400 2 873 15
0 1
500 2 873 15                               
0 1
600 2 873 15
0 1
700 2 873 15
0 1
800 2 873 15
0 1
900 2 873 15
0 1
0 1 873 15                               
0 1
100 1 873 15
0 1
200 1 873 15
0 1
300 1 873 15
0 1
400 1 873 15
0 1
500 1 873 15                               
0 1
600 1 873 15
0 1
700 1 873 15
0 1
800 1 873 15
0 1
900 1 873 15
0 1
0 0 873 15                               
0 1
100 0 873 15
0 1
200 0 873 15
0 1
300 0 873 15
0 1
400 0 873 15
0 1
500 0 873 15                               
0 1
600 0 873 15
0 1
700 0 873 15
0 1
800 0 873 15
0 1
900 0 873 15
0 1
0 4 873 14                               
0 1
100 4 873 14
0 1
200 4 873 14
0 1
300 4 873 14
0 1
400 4 873 14
0 1
500 4 873 14                               
0 1
600 4 873 14
0 1
700 4 873 14
0 1
800 4 873 14
0 1
900 4 873 14
0 1
0 3 873 14                               
0 1
100 3 873 14
0 1
200 3 873 14
0 1
300 3 873 14
0 1
400 3 873 14
0 1
500 3 873 14                               
0 1
600 3 873 14
0 1
700 3 873 14
0 1
800 3 873 14
0 1
900 3 873 14
0 1
0 2 873 14                               
0 1
100 2 873 14
0 1
200 2 873 14
0 1
300 2 873 14
0 1
400 2 873 14
0 1
500 2 873 14                               
0 1
600 2 873 14
0 1
700 2 873 14
0 1
800 2 873 14
0 1
900 2 873 14
0 1
0 1 873 14                               
0 1
100 1 873 14
0 1
200 1 873 14
0 1
300 1 873 14
0 1
400 1 873 14
0 1
500 1 873 14                               
0 1
600 1 873 14
0 1
700 1 873 14
0 1
800 1 873 14
0 1
900 1 873 14
0 1
0 0 873 14                               
0 1
100 0 873 14
0 1
200 0 873 14
0 1
300 0 873 14
0 1
400 0 873 14
0 1
500 0 873 14                               
0 1
600 0 873 14
0 1
700 0 873 14
0 1
800 0 873 14
0 1
900 0 873 14
0 1
0 4 873 13                               
0 1
100 4 873 13
0 1
200 4 873 13
0 1
300 4 873 13
0 1
400 4 873 13
0 1
500 4 873 13                               
0 1
600 4 873 13
0 1
700 4 873 13
0 1
800 4 873 13
0 1
900 4 873 13
0 1
0 3 873 13                               
0 1
100 3 873 13
0 1
200 3 873 13
0 1
300 3 873 13
0 1
400 3 873 13
0 1
500 3 873 13                               
0 1
600 3 873 13
0 1
700 3 873 13
0 1
800 3 873 13
0 1
900 3 873 13
0 1
0 2 873 13                               
0 1
100 2 873 13
0 1
200 2 873 13
0 1
300 2 873 13
0 1
400 2 873 13
0 1
500 2 873 13                               
0 1
600 2 873 13
0 1
700 2 873 13
0 1
800 2 873 13
0 1
900 2 873 13
0 1
0 1 873 13                               
0 1
100 1 873 13
0 1
200 1 873 13
0 1
300 1 873 13
0 1
400 1 873 13
0 1
500 1 873 13                               
0 1
600 1 873 13
0 1
700 1 873 13
0 1
800 1 873 13
0 1
900 1 873 13
0 1
0 0 873 13                               
0 1
100 0 873 13
0 1
200 0 873 13
0 1
300 0 873 13
0 1
400 0 873 13
0 1
500 0 873 13                               
0 1
600 0 873 13
0 1
700 0 873 13
0 1
800 0 873 13
0 1
900 0 873 13
0 1
0 4 873 12                               
0 1
100 4 873 12
0 1
200 4 873 12
0 1
300 4 873 12
0 1
400 4 873 12
0 1
500 4 873 12                               
0 1
600 4 873 12
0 1
700 4 873 12
0 1
800 4 873 12
0 1
900 4 873 12
0 1
0 3 873 12                               
0 1
100 3 873 12
0 1
200 3 873 12
0 1
300 3 873 12
0 1
400 3 873 12
0 1
500 3 873 12                               
0 1
600 3 873 12
0 1
700 3 873 12
0 1
800 3 873 12
0 1
900 3 873 12
0 1
0 2 873 12                               
0 1
100 2 873 12
0 1
200 2 873 12
0 1
300 2 873 12
0 1
400 2 873 12
0 1
500 2 873 12                               
0 1
600 2 873 12
0 1
700 2 873 12
0 1
800 2 873 12
0 1
900 2 873 12
0 1
0 1 873 12                               
0 1
100 1 873 12
0 1
200 1 873 12
0 1
300 1 873 12
0 1
400 1 873 12
0 1
500 1 873 12                               
0 1
600 1 873 12
0 1
700 1 873 12
0 1
800 1 873 12
0 1
900 1 873 12
0 1
0 0 873 12                               
0 1
100 0 873 12
0 1
200 0 873 12
0 1
300 0 873 12
0 1
400 0 873 12
0 1
500 0 873 12                               
0 1
600 0 873 12
0 1
700 0 873 12
0 1
800 0 873 12
0 1
900 0 873 12
0 1
0 4 873 11                               
0 1
100 4 873 11
0 1
200 4 873 11
0 1
300 4 873 11
0 1
400 4 873 11
0 1
500 4 873 11                               
0 1
600 4 873 11
0 1
700 4 873 11
0 1
800 4 873 11
0 1
900 4 873 11
0 1
0 3 873 11                               
0 1
100 3 873 11
0 1
200 3 873 11
0 1
300 3 873 11
0 1
400 3 873 11
0 1
500 3 873 11                               
0 1
600 3 873 11
0 1
700 3 873 11
0 1
800 3 873 11
0 1
900 3 873 11
0 1
0 2 873 11                               
0 1
100 2 873 11
0 1
200 2 873 11
0 1
300 2 873 11
0 1
400 2 873 11
0 1
500 2 873 11                               
0 1
600 2 873 11
0 1
700 2 873 11
0 1
800 2 873 11
0 1
900 2 873 11
0 1
0 1 873 11                               
0 1
100 1 873 11
0 1
200 1 873 11
0 1
300 1 873 11
0 1
400 1 873 11
0 1
500 1 873 11                               
0 1
600 1 873 11
0 1
700 1 873 11
0 1
800 1 873 11
0 1
900 1 873 11
0 1
0 0 873 11                               
0 1
100 0 873 11
0 1
200 0 873 11
0 1
300 0 873 11
0 1
400 0 873 11
0 1
500 0 873 11                               
0 1
600 0 873 11
0 1
700 0 873 11
0 1
800 0 873 11
0 1
900 0 873 11
0 1
0 4 873 10                               
0 1
100 4 873 10
0 1
200 4 873 10
0 1
300 4 873 10
0 1
400 4 873 10
0 1
500 4 873 10                               
0 1
600 4 873 10
0 1
700 4 873 10
0 1
800 4 873 10
0 1
900 4 873 10
0 1
0 3 873 10                               
0 1
100 3 873 10
0 1
200 3 873 10
0 1
300 3 873 10
0 1
400 3 873 10
0 1
500 3 873 10                               
0 1
600 3 873 10
0 1
700 3 873 10
0 1
800 3 873 10
0 1
900 3 873 10
0 1
0 2 873 10                               
0 1
100 2 873 10
0 1
200 2 873 10
0 1
300 2 873 10
0 1
400 2 873 10
0 1
500 2 873 10                               
0 1
600 2 873 10
0 1
700 2 873 10
0 1
800 2 873 10
0 1
900 2 873 10
0 1
0 1 873 10                               
0 1
100 1 873 10
0 1
200 1 873 10
0 1
300 1 873 10
0 1
400 1 873 10
0 1
500 1 873 10                               
0 1
600 1 873 10
0 1
700 1 873 10
0 1
800 1 873 10
0 1
900 1 873 10
0 1
0 0 873 10                               
0 1
100 0 873 10
0 1
200 0 873 10
0 1
300 0 873 10
0 1
400 0 873 10
0 1
500 0 873 10                               
0 1
600 0 873 10
0 1
700 0 873 10
0 1
800 0 873 10
0 1
900 0 873 10
0 1
0 4 873 9                               
0 1
100 4 873 9
0 1
200 4 873 9
0 1
300 4 873 9
0 1
400 4 873 9
0 1
500 4 873 9                               
0 1
600 4 873 9
0 1
700 4 873 9
0 1
800 4 873 9
0 1
900 4 873 9
0 1
0 3 873 9                               
0 1
100 3 873 9
0 1
200 3 873 9
0 1
300 3 873 9
0 1
400 3 873 9
0 1
500 3 873 9                               
0 1
600 3 873 9
0 1
700 3 873 9
0 1
800 3 873 9
0 1
900 3 873 9
0 1
0 2 873 9                               
0 1
100 2 873 9
0 1
200 2 873 9
0 1
300 2 873 9
0 1
400 2 873 9
0 1
500 2 873 9                               
0 1
600 2 873 9
0 1
700 2 873 9
0 1
800 2 873 9
0 1
900 2 873 9
0 1
0 1 873 9                               
0 1
100 1 873 9
0 1
200 1 873 9
0 1
300 1 873 9
0 1
400 1 873 9
0 1
500 1 873 9                               
0 1
600 1 873 9
0 1
700 1 873 9
0 1
800 1 873 9
0 1
900 1 873 9
0 1
0 0 873 9                               
0 1
100 0 873 9
0 1
200 0 873 9
0 1
300 0 873 9
0 1
400 0 873 9
0 1
500 0 873 9                               
0 1
600 0 873 9
0 1
700 0 873 9
0 1
800 0 873 9
0 1
900 0 873 9
0 1
0 4 873 8                               
0 1
100 4 873 8
0 1
200 4 873 8
0 1
300 4 873 8
0 1
400 4 873 8
0 1
500 4 873 8                               
0 1
600 4 873 8
0 1
700 4 873 8
0 1
800 4 873 8
0 1
900 4 873 8
0 1
0 3 873 8                               
0 1
100 3 873 8
0 1
200 3 873 8
0 1
300 3 873 8
0 1
400 3 873 8
0 1
500 3 873 8                               
0 1
600 3 873 8
0 1
700 3 873 8
0 1
800 3 873 8
0 1
900 3 873 8
0 1
0 2 873 8                               
0 1
100 2 873 8
0 1
200 2 873 8
0 1
300 2 873 8
0 1
400 2 873 8
0 1
500 2 873 8                               
0 1
600 2 873 8
0 1
700 2 873 8
0 1
800 2 873 8
0 1
900 2 873 8
0 1
0 1 873 8                               
0 1
100 1 873 8
0 1
200 1 873 8
0 1
300 1 873 8
0 1
400 1 873 8
0 1
500 1 873 8                               
0 1
600 1 873 8
0 1
700 1 873 8
0 1
800 1 873 8
0 1
900 1 873 8
0 1
0 0 873 8                               
0 1
100 0 873 8
0 1
200 0 873 8
0 1
300 0 873 8
0 1
400 0 873 8
0 1
500 0 873 8                               
0 1
600 0 873 8
0 1
700 0 873 8
0 1
800 0 873 8
0 1
900 0 873 8
0 1
0 4 873 7                               
0 1
100 4 873 7
0 1
200 4 873 7
0 1
300 4 873 7
0 1
400 4 873 7
0 1
500 4 873 7                               
0 1
600 4 873 7
0 1
700 4 873 7
0 1
800 4 873 7
0 1
900 4 873 7
0 1
0 3 873 7                               
0 1
100 3 873 7
0 1
200 3 873 7
0 1
300 3 873 7
0 1
400 3 873 7
0 1
500 3 873 7                               
0 1
600 3 873 7
0 1
700 3 873 7
0 1
800 3 873 7
0 1
900 3 873 7
0 1
0 2 873 7                               
0 1
100 2 873 7
0 1
200 2 873 7
0 1
300 2 873 7
0 1
400 2 873 7
0 1
500 2 873 7                               
0 1
600 2 873 7
0 1
700 2 873 7
0 1
800 2 873 7
0 1
900 2 873 7
0 1
0 1 873 7                               
0 1
100 1 873 7
0 1
200 1 873 7
0 1
300 1 873 7
0 1
400 1 873 7
0 1
500 1 873 7                               
0 1
600 1 873 7
0 1
700 1 873 7
0 1
800 1 873 7
0 1
900 1 873 7
0 1
0 0 873 7                               
0 1
100 0 873 7
0 1
200 0 873 7
0 1
300 0 873 7
0 1
400 0 873 7
0 1
500 0 873 7                               
0 1
600 0 873 7
0 1
700 0 873 7
0 1
800 0 873 7
0 1
900 0 873 7
0 1
0 4 873 6                               
0 1
100 4 873 6
0 1
200 4 873 6
0 1
300 4 873 6
0 1
400 4 873 6
0 1
500 4 873 6                               
0 1
600 4 873 6
0 1
700 4 873 6
0 1
800 4 873 6
0 1
900 4 873 6
0 1
0 3 873 6                               
0 1
100 3 873 6
0 1
200 3 873 6
0 1
300 3 873 6
0 1
400 3 873 6
0 1
500 3 873 6                               
0 1
600 3 873 6
0 1
700 3 873 6
0 1
800 3 873 6
0 1
900 3 873 6
0 1
0 2 873 6                               
0 1
100 2 873 6
0 1
200 2 873 6
0 1
300 2 873 6
0 1
400 2 873 6
0 1
500 2 873 6                               
0 1
600 2 873 6
0 1
700 2 873 6
0 1
800 2 873 6
0 1
900 2 873 6
0 1
0 1 873 6                               
0 1
100 1 873 6
0 1
200 1 873 6
0 1
300 1 873 6
0 1
400 1 873 6
0 1
500 1 873 6                               
0 1
600 1 873 6
0 1
700 1 873 6
0 1
800 1 873 6
0 1
900 1 873 6
0 1
0 0 873 6                               
0 1
100 0 873 6
0 1
200 0 873 6
0 1
300 0 873 6
0 1
400 0 873 6
0 1
500 0 873 6                               
0 1
600 0 873 6
0 1
700 0 873 6
0 1
800 0 873 6
0 1
900 0 873 6
0 1
0 4 873 5                               
0 1
100 4 873 5
0 1
200 4 873 5
0 1
300 4 873 5
0 1
400 4 873 5
0 1
500 4 873 5                               
0 1
600 4 873 5
0 1
700 4 873 5
0 1
800 4 873 5
0 1
900 4 873 5
0 1
0 3 873 5                               
0 1
100 3 873 5
0 1
200 3 873 5
0 1
300 3 873 5
0 1
400 3 873 5
0 1
500 3 873 5                               
0 1
600 3 873 5
0 1
700 3 873 5
0 1
800 3 873 5
0 1
900 3 873 5
0 1
0 2 873 5                               
0 1
100 2 873 5
0 1
200 2 873 5
0 1
300 2 873 5
0 1
400 2 873 5
0 1
500 2 873 5                               
0 1
600 2 873 5
0 1
700 2 873 5
0 1
800 2 873 5
0 1
900 2 873 5
0 1
0 1 873 5                               
0 1
100 1 873 5
0 1
200 1 873 5
0 1
300 1 873 5
0 1
400 1 873 5
0 1
500 1 873 5                               
0 1
600 1 873 5
0 1
700 1 873 5
0 1
800 1 873 5
0 1
900 1 873 5
0 1
0 0 873 5                               
0 1
100 0 873 5
0 1
200 0 873 5
0 1
300 0 873 5
0 1
400 0 873 5
0 1
500 0 873 5                               
0 1
600 0 873 5
0 1
700 0 873 5
0 1
800 0 873 5
0 1
900 0 873 5
0 1
0 4 873 4                               
0 1
100 4 873 4
0 1
200 4 873 4
0 1
300 4 873 4
0 1
400 4 873 4
0 1
500 4 873 4                               
0 1
600 4 873 4
0 1
700 4 873 4
0 1
800 4 873 4
0 1
900 4 873 4
0 1
0 3 873 4                               
0 1
100 3 873 4
0 1
200 3 873 4
0 1
300 3 873 4
0 1
400 3 873 4
0 1
500 3 873 4                               
0 1
600 3 873 4
0 1
700 3 873 4
0 1
800 3 873 4
0 1
900 3 873 4
0 1
0 2 873 4                               
0 1
100 2 873 4
0 1
200 2 873 4
0 1
300 2 873 4
0 1
400 2 873 4
0 1
500 2 873 4                               
0 1
600 2 873 4
0 1
700 2 873 4
0 1
800 2 873 4
0 1
900 2 873 4
0 1
0 1 873 4                               
0 1
100 1 873 4
0 1
200 1 873 4
0 1
300 1 873 4
0 1
400 1 873 4
0 1
500 1 873 4                               
0 1
600 1 873 4
0 1
700 1 873 4
0 1
800 1 873 4
0 1
900 1 873 4
0 1
0 0 873 4                               
0 1
100 0 873 4
0 1
200 0 873 4
0 1
300 0 873 4
0 1
400 0 873 4
0 1
500 0 873 4                               
0 1
600 0 873 4
0 1
700 0 873 4
0 1
800 0 873 4
0 1
900 0 873 4
0 1
0 4 873 3                               
0 1
100 4 873 3
0 1
200 4 873 3
0 1
300 4 873 3
0 1
400 4 873 3
0 1
500 4 873 3                               
0 1
600 4 873 3
0 1
700 4 873 3
0 1
800 4 873 3
0 1
900 4 873 3
0 1
0 3 873 3                               
0 1
100 3 873 3
0 1
200 3 873 3
0 1
300 3 873 3
0 1
400 3 873 3
0 1
500 3 873 3                               
0 1
600 3 873 3
0 1
700 3 873 3
0 1
800 3 873 3
0 1
900 3 873 3
0 1
0 2 873 3                               
0 1
100 2 873 3
0 1
200 2 873 3
0 1
300 2 873 3
0 1
400 2 873 3
0 1
500 2 873 3                               
0 1
600 2 873 3
0 1
700 2 873 3
0 1
800 2 873 3
0 1
900 2 873 3
0 1
0 1 873 3                               
0 1
100 1 873 3
0 1
200 1 873 3
0 1
300 1 873 3
0 1
400 1 873 3
0 1
500 1 873 3                               
0 1
600 1 873 3
0 1
700 1 873 3
0 1
800 1 873 3
0 1
900 1 873 3
0 1
0 0 873 3                               
0 1
100 0 873 3
0 1
200 0 873 3
0 1
300 0 873 3
0 1
400 0 873 3
0 1
500 0 873 3                               
0 1
600 0 873 3
0 1
700 0 873 3
0 1
800 0 873 3
0 1
900 0 873 3
0 1
0 4 873 2                               
0 1
100 4 873 2
0 1
200 4 873 2
0 1
300 4 873 2
0 1
400 4 873 2
0 1
500 4 873 2                               
0 1
600 4 873 2
0 1
700 4 873 2
0 1
800 4 873 2
0 1
900 4 873 2
0 1
0 3 873 2                               
0 1
100 3 873 2
0 1
200 3 873 2
0 1
300 3 873 2
0 1
400 3 873 2
0 1
500 3 873 2                               
0 1
600 3 873 2
0 1
700 3 873 2
0 1
800 3 873 2
0 1
900 3 873 2
0 1
0 2 873 2                               
0 1
100 2 873 2
0 1
200 2 873 2
0 1
300 2 873 2
0 1
400 2 873 2
0 1
500 2 873 2                               
0 1
600 2 873 2
0 1
700 2 873 2
0 1
800 2 873 2
0 1
900 2 873 2
0 1
0 1 873 2                               
0 1
100 1 873 2
0 1
200 1 873 2
0 1
300 1 873 2
0 1
400 1 873 2
0 1
500 1 873 2                               
0 1
600 1 873 2
0 1
700 1 873 2
0 1
800 1 873 2
0 1
900 1 873 2
0 1
0 0 873 2                               
0 1
100 0 873 2
0 1
200 0 873 2
0 1
300 0 873 2
0 1
400 0 873 2
0 1
500 0 873 2                               
0 1
600 0 873 2
0 1
700 0 873 2
0 1
800 0 873 2
0 1
900 0 873 2
0 1
0 4 873 1                               
0 1
100 4 873 1
0 1
200 4 873 1
0 1
300 4 873 1
0 1
400 4 873 1
0 1
500 4 873 1                               
0 1
600 4 873 1
0 1
700 4 873 1
0 1
800 4 873 1
0 1
900 4 873 1
0 1
0 3 873 1                               
0 1
100 3 873 1
0 1
200 3 873 1
0 1
300 3 873 1
0 1
400 3 873 1
0 1
500 3 873 1                               
0 1
600 3 873 1
0 1
700 3 873 1
0 1
800 3 873 1
0 1
900 3 873 1
0 1
0 2 873 1                               
0 1
100 2 873 1
0 1
200 2 873 1
0 1
300 2 873 1
0 1
400 2 873 1
0 1
500 2 873 1                               
0 1
600 2 873 1
0 1
700 2 873 1
0 1
800 2 873 1
0 1
900 2 873 1
0 1
0 1 873 1                               
0 1
100 1 873 1
0 1
200 1 873 1
0 1
300 1 873 1
0 1
400 1 873 1
0 1
500 1 873 1                               
0 1
600 1 873 1
0 1
700 1 873 1
0 1
800 1 873 1
0 1
900 1 873 1
0 1
0 0 873 1                               
0 1
100 0 873 1
0 1
200 0 873 1
0 1
300 0 873 1
0 1
400 0 873 1
0 1
500 0 873 1                               
0 1
600 0 873 1
0 1
700 0 873 1
0 1
800 0 873 1
0 1
900 0 873 1
0 1
0 4 873 0                               
0 1
100 4 873 0
0 1
200 4 873 0
0 1
300 4 873 0
0 1
400 4 873 0
0 1
500 4 873 0                               
0 1
600 4 873 0
0 1
700 4 873 0
0 1
800 4 873 0
0 1
900 4 873 0
0 1
0 3 873 0                               
0 1
100 3 873 0
0 1
200 3 873 0
0 1
300 3 873 0
0 1
400 3 873 0
0 1
500 3 873 0                               
0 1
600 3 873 0
0 1
700 3 873 0
0 1
800 3 873 0
0 1
900 3 873 0
0 1
0 2 873 0                               
0 1
100 2 873 0
0 1
200 2 873 0
0 1
300 2 873 0
0 1
400 2 873 0
0 1
500 2 873 0                               
0 1
600 2 873 0
0 1
700 2 873 0
0 1
800 2 873 0
0 1
900 2 873 0
0 1
0 1 873 0                               
0 1
100 1 873 0
0 1
200 1 873 0
0 1
300 1 873 0
0 1
400 1 873 0
0 1
500 1 873 0                               
0 1
600 1 873 0
0 1
700 1 873 0
0 1
800 1 873 0
0 1
900 1 873 0
0 1
0 0 873 0                               
0 1
100 0 873 0
0 1
200 0 873 0
0 1
300 0 873 0
0 1
400 0 873 0
0 1
500 0 873 0                               
0 1
600 0 873 0
0 1
700 0 873 0
0 1
800 0 873 0
0 1
900 0 873 0
0 1
0 4 873 26                               
1 0
100 4 873 26
1 0
200 4 873 26
1 0
300 4 873 26
1 0
400 4 873 26
1 0
500 4 873 26                               
1 0
600 4 873 26
1 0
700 4 873 26
1 0
800 4 873 26
1 0
900 4 873 26
1 0
0 3 873 26                               
1 0
100 3 873 26
1 0
200 3 873 26
1 0
300 3 873 26
1 0
400 3 873 26
1 0
500 3 873 26                               
0 1
600 3 873 26
0 1
700 3 873 26
0 1
800 3 873 26
0 1
900 3 873 26
0 1
0 2 873 26                               
0 1
100 2 873 26
0 1
200 2 873 26
0 1
300 2 873 26
0 1
400 2 873 26
0 1
500 2 873 26                               
0 1
600 2 873 26
0 1
700 2 873 26
0 1
800 2 873 26
0 1
900 2 873 26
0 1
0 1 873 26                               
0 1
100 1 873 26
0 1
200 1 873 26
0 1
300 1 873 26
0 1
400 1 873 26
0 1
500 1 873 26                               
0 1
600 1 873 26
0 1
700 1 873 26
0 1
800 1 873 26
0 1
900 1 873 26
0 1
0 0 873 26                               
0 1
100 0 873 26
0 1
200 0 873 26
0 1
300 0 873 26
0 1
400 0 873 26
0 1
500 0 873 26                               
0 1
600 0 873 26
0 1
700 0 873 26
0 1
800 0 873 26
0 1
900 0 873 26
0 1
0 4 873 27                               
1 0
100 4 873 27
1 0
200 4 873 27
1 0
300 4 873 27
1 0
400 4 873 27
1 0
500 4 873 27                               
1 0
600 4 873 27
1 0
700 4 873 27
1 0
800 4 873 27
1 0
900 4 873 27
1 0
0 3 873 27                               
1 0
100 3 873 27
1 0
200 3 873 27
1 0
300 3 873 27
1 0
400 3 873 27
1 0
500 3 873 27                               
0 1
600 3 873 27
0 1
700 3 873 27
0 1
800 3 873 27
0 1
900 3 873 27
0 1
0 2 873 27                               
0 1
100 2 873 27
0 1
200 2 873 27
0 1
300 2 873 27
0 1
400 2 873 27
0 1
500 2 873 27                               
0 1
600 2 873 27
0 1
700 2 873 27
0 1
800 2 873 27
0 1
900 2 873 27
0 1
0 1 873 27                               
0 1
100 1 873 27
0 1
200 1 873 27
0 1
300 1 873 27
0 1
400 1 873 27
0 1
500 1 873 27                               
0 1
600 1 873 27
0 1
700 1 873 27
0 1
800 1 873 27
0 1
900 1 873 27
0 1
0 0 873 27                               
0 1
100 0 873 27
0 1
200 0 873 27
0 1
300 0 873 27
0 1
400 0 873 27
0 1
500 0 873 27                               
0 1
600 0 873 27
0 1
700 0 873 27
0 1
800 0 873 27
0 1
900 0 873 27
0 1
0 4 873 28                               
1 0
100 4 873 28
1 0
200 4 873 28
1 0
300 4 873 28
1 0
400 4 873 28
1 0
500 4 873 28                               
1 0
600 4 873 28
1 0
700 4 873 28
1 0
800 4 873 28
1 0
900 4 873 28
1 0
0 3 873 28                               
1 0
100 3 873 28
1 0
200 3 873 28
1 0
300 3 873 28
1 0
400 3 873 28
1 0
500 3 873 28                               
0 1
600 3 873 28
0 1
700 3 873 28
0 1
800 3 873 28
0 1
900 3 873 28
0 1
0 2 873 28                               
0 1
100 2 873 28
0 1
200 2 873 28
0 1
300 2 873 28
0 1
400 2 873 28
0 1
500 2 873 28                               
0 1
600 2 873 28
0 1
700 2 873 28
0 1
800 2 873 28
0 1
900 2 873 28
0 1
0 1 873 28                               
0 1
100 1 873 28
0 1
200 1 873 28
0 1
300 1 873 28
0 1
400 1 873 28
0 1
500 1 873 28                               
0 1
600 1 873 28
0 1
700 1 873 28
0 1
800 1 873 28
0 1
900 1 873 28
0 1
0 0 873 28                               
0 1
100 0 873 28
0 1
200 0 873 28
0 1
300 0 873 28
0 1
400 0 873 28
0 1
500 0 873 28                               
0 1
600 0 873 28
0 1
700 0 873 28
0 1
800 0 873 28
0 1
900 0 873 28
0 1
0 4 873 29                               
1 0
100 4 873 29
1 0
200 4 873 29
1 0
300 4 873 29
1 0
400 4 873 29
1 0
500 4 873 29                               
1 0
600 4 873 29
1 0
700 4 873 29
1 0
800 4 873 29
1 0
900 4 873 29
1 0
0 3 873 29                               
1 0
100 3 873 29
1 0
200 3 873 29
1 0
300 3 873 29
1 0
400 3 873 29
1 0
500 3 873 29                               
0 1
600 3 873 29
0 1
700 3 873 29
0 1
800 3 873 29
0 1
900 3 873 29
0 1
0 2 873 29                               
0 1
100 2 873 29
0 1
200 2 873 29
0 1
300 2 873 29
0 1
400 2 873 29
0 1
500 2 873 29                               
0 1
600 2 873 29
0 1
700 2 873 29
0 1
800 2 873 29
0 1
900 2 873 29
0 1
0 1 873 29                               
0 1
100 1 873 29
0 1
200 1 873 29
0 1
300 1 873 29
0 1
400 1 873 29
0 1
500 1 873 29                               
0 1
600 1 873 29
0 1
700 1 873 29
0 1
800 1 873 29
0 1
900 1 873 29
0 1
0 0 873 29                               
0 1
100 0 873 29
0 1
200 0 873 29
0 1
300 0 873 29
0 1
400 0 873 29
0 1
500 0 873 29                               
0 1
600 0 873 29
0 1
700 0 873 29
0 1
800 0 873 29
0 1
900 0 873 29
0 1
0 4 873 30                               
1 0
100 4 873 30
1 0
200 4 873 30
1 0
300 4 873 30
1 0
400 4 873 30
1 0
500 4 873 30                               
1 0
600 4 873 30
1 0
700 4 873 30
1 0
800 4 873 30
1 0
900 4 873 30
1 0
0 3 873 30                               
1 0
100 3 873 30
1 0
200 3 873 30
1 0
300 3 873 30
1 0
400 3 873 30
1 0
500 3 873 30                               
0 1
600 3 873 30
0 1
700 3 873 30
0 1
800 3 873 30
0 1
900 3 873 30
0 1
0 2 873 30                               
0 1
100 2 873 30
0 1
200 2 873 30
0 1
300 2 873 30
0 1
400 2 873 30
0 1
500 2 873 30                               
0 1
600 2 873 30
0 1
700 2 873 30
0 1
800 2 873 30
0 1
900 2 873 30
0 1
0 1 873 30                               
0 1
100 1 873 30
0 1
200 1 873 30
0 1
300 1 873 30
0 1
400 1 873 30
0 1
500 1 873 30                               
0 1
600 1 873 30
0 1
700 1 873 30
0 1
800 1 873 30
0 1
900 1 873 30
0 1
0 0 873 30                               
0 1
100 0 873 30
0 1
200 0 873 30
0 1
300 0 873 30
0 1
400 0 873 30
0 1
500 0 873 30                               
0 1
600 0 873 30
0 1
700 0 873 30
0 1
800 0 873 30
0 1
900 0 873 30
0 1
0 4 873 31                               
0 1
100 4 873 31
0 1
200 4 873 31
0 1
300 4 873 31
0 1
400 4 873 31
0 1
500 4 873 31                               
0 1
600 4 873 31
0 1
700 4 873 31
0 1
800 4 873 31
0 1
900 4 873 31
0 1
0 3 873 31                               
0 1
100 3 873 31
0 1
200 3 873 31
0 1
300 3 873 31
0 1
400 3 873 31
0 1
500 3 873 31                               
0 1
600 3 873 31
0 1
700 3 873 31
0 1
800 3 873 31
0 1
900 3 873 31
0 1
0 2 873 31                               
0 1
100 2 873 31
0 1
200 2 873 31
0 1
300 2 873 31
0 1
400 2 873 31
0 1
500 2 873 31                               
0 1
600 2 873 31
0 1
700 2 873 31
0 1
800 2 873 31
0 1
900 2 873 31
0 1
0 1 873 31                               
0 1
100 1 873 31
0 1
200 1 873 31
0 1
300 1 873 31
0 1
400 1 873 31
0 1
500 1 873 31                               
0 1
600 1 873 31
0 1
700 1 873 31
0 1
800 1 873 31
0 1
900 1 873 31
0 1
0 0 873 31                               
0 1
100 0 873 31
0 1
200 0 873 31
0 1
300 0 873 31
0 1
400 0 873 31
0 1
500 0 873 31                               
0 1
600 0 873 31
0 1
700 0 873 31
0 1
800 0 873 31
0 1
900 0 873 31
0 1
0 4 873 32                               
0 1
100 4 873 32
0 1
200 4 873 32
0 1
300 4 873 32
0 1
400 4 873 32
0 1
500 4 873 32                               
0 1
600 4 873 32
0 1
700 4 873 32
0 1
800 4 873 32
0 1
900 4 873 32
0 1
0 3 873 32                               
0 1
100 3 873 32
0 1
200 3 873 32
0 1
300 3 873 32
0 1
400 3 873 32
0 1
500 3 873 32                               
0 1
600 3 873 32
0 1
700 3 873 32
0 1
800 3 873 32
0 1
900 3 873 32
0 1
0 2 873 32                               
0 1
100 2 873 32
0 1
200 2 873 32
0 1
300 2 873 32
0 1
400 2 873 32
0 1
500 2 873 32                               
0 1
600 2 873 32
0 1
700 2 873 32
0 1
800 2 873 32
0 1
900 2 873 32
0 1
0 1 873 32                               
0 1
100 1 873 32
0 1
200 1 873 32
0 1
300 1 873 32
0 1
400 1 873 32
0 1
500 1 873 32                               
0 1
600 1 873 32
0 1
700 1 873 32
0 1
800 1 873 32
0 1
900 1 873 32
0 1
0 0 873 32                               
0 1
100 0 873 32
0 1
200 0 873 32
0 1
300 0 873 32
0 1
400 0 873 32
0 1
500 0 873 32                               
0 1
600 0 873 32
0 1
700 0 873 32
0 1
800 0 873 32
0 1
900 0 873 32
0 1
0 4 273 15                               
1 0
100 4 273 15
1 0
200 4 273 15
1 0
300 4 273 15
1 0
400 4 273 15
1 0
500 4 273 15                               
1 0
600 4 273 15
1 0
700 4 273 15
1 0
800 4 273 15
1 0
900 4 273 15
1 0
0 3 273 15                               
1 0
100 3 273 15
1 0
200 3 273 15
1 0
300 3 273 15
1 0
400 3 273 15
1 0
500 3 273 15                               
0 1
600 3 273 15
0 1
700 3 273 15
0 1
800 3 273 15
0 1
900 3 273 15
0 1
0 2 273 15                               
0 1
100 2 273 15
0 1
200 2 273 15
0 1
300 2 273 15
0 1
400 2 273 15
0 1
500 2 273 15                               
0 1
600 2 273 15
0 1
700 2 273 15
0 1
800 2 273 15
0 1
900 2 273 15
0 1
0 1 273 15                               
0 1
100 1 273 15
0 1
200 1 273 15
0 1
300 1 273 15
0 1
400 1 273 15
0 1
500 1 273 15                               
0 1
600 1 273 15
0 1
700 1 273 15
0 1
800 1 273 15
0 1
900 1 273 15
0 1
0 0 273 15                               
0 1
100 0 273 15
0 1
200 0 273 15
0 1
300 0 273 15
0 1
400 0 273 15
0 1
500 0 273 15                               
0 1
600 0 273 15
0 1
700 0 273 15
0 1
800 0 273 15
0 1
900 0 273 15
0 1
0 4 273 14                               
0 1
100 4 273 14
0 1
200 4 273 14
0 1
300 4 273 14
0 1
400 4 273 14
0 1
500 4 273 14                               
0 1
600 4 273 14
0 1
700 4 273 14
0 1
800 4 273 14
0 1
900 4 273 14
0 1
0 3 273 14                               
0 1
100 3 273 14
0 1
200 3 273 14
0 1
300 3 273 14
0 1
400 3 273 14
0 1
500 3 273 14                               
0 1
600 3 273 14
0 1
700 3 273 14
0 1
800 3 273 14
0 1
900 3 273 14
0 1
0 2 273 14                               
0 1
100 2 273 14
0 1
200 2 273 14
0 1
300 2 273 14
0 1
400 2 273 14
0 1
500 2 273 14                               
0 1
600 2 273 14
0 1
700 2 273 14
0 1
800 2 273 14
0 1
900 2 273 14
0 1
0 1 273 14                               
0 1
100 1 273 14
0 1
200 1 273 14
0 1
300 1 273 14
0 1
400 1 273 14
0 1
500 1 273 14                               
0 1
600 1 273 14
0 1
700 1 273 14
0 1
800 1 273 14
0 1
900 1 273 14
0 1
0 0 273 14                               
0 1
100 0 273 14
0 1
200 0 273 14
0 1
300 0 273 14
0 1
400 0 273 14
0 1
500 0 273 14                               
0 1
600 0 273 14
0 1
700 0 273 14
0 1
800 0 273 14
0 1
900 0 273 14
0 1
0 4 273 13                               
0 1
100 4 273 13
0 1
200 4 273 13
0 1
300 4 273 13
0 1
400 4 273 13
0 1
500 4 273 13                               
0 1
600 4 273 13
0 1
700 4 273 13
0 1
800 4 273 13
0 1
900 4 273 13
0 1
0 3 273 13                               
0 1
100 3 273 13
0 1
200 3 273 13
0 1
300 3 273 13
0 1
400 3 273 13
0 1
500 3 273 13                               
0 1
600 3 273 13
0 1
700 3 273 13
0 1
800 3 273 13
0 1
900 3 273 13
0 1
0 2 273 13                               
0 1
100 2 273 13
0 1
200 2 273 13
0 1
300 2 273 13
0 1
400 2 273 13
0 1
500 2 273 13                               
0 1
600 2 273 13
0 1
700 2 273 13
0 1
800 2 273 13
0 1
900 2 273 13
0 1
0 1 273 13                               
0 1
100 1 273 13
0 1
200 1 273 13
0 1
300 1 273 13
0 1
400 1 273 13
0 1
500 1 273 13                               
0 1
600 1 273 13
0 1
700 1 273 13
0 1
800 1 273 13
0 1
900 1 273 13
0 1
0 0 273 13                               
0 1
100 0 273 13
0 1
200 0 273 13
0 1
300 0 273 13
0 1
400 0 273 13
0 1
500 0 273 13                               
0 1
600 0 273 13
0 1
700 0 273 13
0 1
800 0 273 13
0 1
900 0 273 13
0 1
0 4 273 12                               
0 1
100 4 273 12
0 1
200 4 273 12
0 1
300 4 273 12
0 1
400 4 273 12
0 1
500 4 273 12                               
0 1
600 4 273 12
0 1
700 4 273 12
0 1
800 4 273 12
0 1
900 4 273 12
0 1
0 3 273 12                               
0 1
100 3 273 12
0 1
200 3 273 12
0 1
300 3 273 12
0 1
400 3 273 12
0 1
500 3 273 12                               
0 1
600 3 273 12
0 1
700 3 273 12
0 1
800 3 273 12
0 1
900 3 273 12
0 1
0 2 273 12                               
0 1
100 2 273 12
0 1
200 2 273 12
0 1
300 2 273 12
0 1
400 2 273 12
0 1
500 2 273 12                               
0 1
600 2 273 12
0 1
700 2 273 12
0 1
800 2 273 12
0 1
900 2 273 12
0 1
0 1 273 12                               
0 1
100 1 273 12
0 1
200 1 273 12
0 1
300 1 273 12
0 1
400 1 273 12
0 1
500 1 273 12                               
0 1
600 1 273 12
0 1
700 1 273 12
0 1
800 1 273 12
0 1
900 1 273 12
0 1
0 0 273 12                               
0 1
100 0 273 12
0 1
200 0 273 12
0 1
300 0 273 12
0 1
400 0 273 12
0 1
500 0 273 12                               
0 1
600 0 273 12
0 1
700 0 273 12
0 1
800 0 273 12
0 1
900 0 273 12
0 1
0 4 273 11                               
0 1
100 4 273 11
0 1
200 4 273 11
0 1
300 4 273 11
0 1
400 4 273 11
0 1
500 4 273 11                               
0 1
600 4 273 11
0 1
700 4 273 11
0 1
800 4 273 11
0 1
900 4 273 11
0 1
0 3 273 11                               
0 1
100 3 273 11
0 1
200 3 273 11
0 1
300 3 273 11
0 1
400 3 273 11
0 1
500 3 273 11                               
0 1
600 3 273 11
0 1
700 3 273 11
0 1
800 3 273 11
0 1
900 3 273 11
0 1
0 2 273 11                               
0 1
100 2 273 11
0 1
200 2 273 11
0 1
300 2 273 11
0 1
400 2 273 11
0 1
500 2 273 11                               
0 1
600 2 273 11
0 1
700 2 273 11
0 1
800 2 273 11
0 1
900 2 273 11
0 1
0 1 273 11                               
0 1
100 1 273 11
0 1
200 1 273 11
0 1
300 1 273 11
0 1
400 1 273 11
0 1
500 1 273 11                               
0 1
600 1 273 11
0 1
700 1 273 11
0 1
800 1 273 11
0 1
900 1 273 11
0 1
0 0 273 11                               
0 1
100 0 273 11
0 1
200 0 273 11
0 1
300 0 273 11
0 1
400 0 273 11
0 1
500 0 273 11                               
0 1
600 0 273 11
0 1
700 0 273 11
0 1
800 0 273 11
0 1
900 0 273 11
0 1
0 4 273 10                               
0 1
100 4 273 10
0 1
200 4 273 10
0 1
300 4 273 10
0 1
400 4 273 10
0 1
500 4 273 10                               
0 1
600 4 273 10
0 1
700 4 273 10
0 1
800 4 273 10
0 1
900 4 273 10
0 1
0 3 273 10                               
0 1
100 3 273 10
0 1
200 3 273 10
0 1
300 3 273 10
0 1
400 3 273 10
0 1
500 3 273 10                               
0 1
600 3 273 10
0 1
700 3 273 10
0 1
800 3 273 10
0 1
900 3 273 10
0 1
0 2 273 10                               
0 1
100 2 273 10
0 1
200 2 273 10
0 1
300 2 273 10
0 1
400 2 273 10
0 1
500 2 273 10                               
0 1
600 2 273 10
0 1
700 2 273 10
0 1
800 2 273 10
0 1
900 2 273 10
0 1
0 1 273 10                               
0 1
100 1 273 10
0 1
200 1 273 10
0 1
300 1 273 10
0 1
400 1 273 10
0 1
500 1 273 10                               
0 1
600 1 273 10
0 1
700 1 273 10
0 1
800 1 273 10
0 1
900 1 273 10
0 1
0 0 273 10                               
0 1
100 0 273 10
0 1
200 0 273 10
0 1
300 0 273 10
0 1
400 0 273 10
0 1
500 0 273 10                               
0 1
600 0 273 10
0 1
700 0 273 10
0 1
800 0 273 10
0 1
900 0 273 10
0 1
0 4 273 9                               
0 1
100 4 273 9
0 1
200 4 273 9
0 1
300 4 273 9
0 1
400 4 273 9
0 1
500 4 273 9                               
0 1
600 4 273 9
0 1
700 4 273 9
0 1
800 4 273 9
0 1
900 4 273 9
0 1
0 3 273 9                               
0 1
100 3 273 9
0 1
200 3 273 9
0 1
300 3 273 9
0 1
400 3 273 9
0 1
500 3 273 9                               
0 1
600 3 273 9
0 1
700 3 273 9
0 1
800 3 273 9
0 1
900 3 273 9
0 1
0 2 273 9                               
0 1
100 2 273 9
0 1
200 2 273 9
0 1
300 2 273 9
0 1
400 2 273 9
0 1
500 2 273 9                               
0 1
600 2 273 9
0 1
700 2 273 9
0 1
800 2 273 9
0 1
900 2 273 9
0 1
0 1 273 9                               
0 1
100 1 273 9
0 1
200 1 273 9
0 1
300 1 273 9
0 1
400 1 273 9
0 1
500 1 273 9                               
0 1
600 1 273 9
0 1
700 1 273 9
0 1
800 1 273 9
0 1
900 1 273 9
0 1
0 0 273 9                               
0 1
100 0 273 9
0 1
200 0 273 9
0 1
300 0 273 9
0 1
400 0 273 9
0 1
500 0 273 9                               
0 1
600 0 273 9
0 1
700 0 273 9
0 1
800 0 273 9
0 1
900 0 273 9
0 1
0 4 273 8                               
0 1
100 4 273 8
0 1
200 4 273 8
0 1
300 4 273 8
0 1
400 4 273 8
0 1
500 4 273 8                               
0 1
600 4 273 8
0 1
700 4 273 8
0 1
800 4 273 8
0 1
900 4 273 8
0 1
0 3 273 8                               
0 1
100 3 273 8
0 1
200 3 273 8
0 1
300 3 273 8
0 1
400 3 273 8
0 1
500 3 273 8                               
0 1
600 3 273 8
0 1
700 3 273 8
0 1
800 3 273 8
0 1
900 3 273 8
0 1
0 2 273 8                               
0 1
100 2 273 8
0 1
200 2 273 8
0 1
300 2 273 8
0 1
400 2 273 8
0 1
500 2 273 8                               
0 1
600 2 273 8
0 1
700 2 273 8
0 1
800 2 273 8
0 1
900 2 273 8
0 1
0 1 273 8                               
0 1
100 1 273 8
0 1
200 1 273 8
0 1
300 1 273 8
0 1
400 1 273 8
0 1
500 1 273 8                               
0 1
600 1 273 8
0 1
700 1 273 8
0 1
800 1 273 8
0 1
900 1 273 8
0 1
0 0 273 8                               
0 1
100 0 273 8
0 1
200 0 273 8
0 1
300 0 273 8
0 1
400 0 273 8
0 1
500 0 273 8                               
0 1
600 0 273 8
0 1
700 0 273 8
0 1
800 0 273 8
0 1
900 0 273 8
0 1
0 4 273 7                               
0 1
100 4 273 7
0 1
200 4 273 7
0 1
300 4 273 7
0 1
400 4 273 7
0 1
500 4 273 7                               
0 1
600 4 273 7
0 1
700 4 273 7
0 1
800 4 273 7
0 1
900 4 273 7
0 1
0 3 273 7                               
0 1
100 3 273 7
0 1
200 3 273 7
0 1
300 3 273 7
0 1
400 3 273 7
0 1
500 3 273 7                               
0 1
600 3 273 7
0 1
700 3 273 7
0 1
800 3 273 7
0 1
900 3 273 7
0 1
0 2 273 7                               
0 1
100 2 273 7
0 1
200 2 273 7
0 1
300 2 273 7
0 1
400 2 273 7
0 1
500 2 273 7                               
0 1
600 2 273 7
0 1
700 2 273 7
0 1
800 2 273 7
0 1
900 2 273 7
0 1
0 1 273 7                               
0 1
100 1 273 7
0 1
200 1 273 7
0 1
300 1 273 7
0 1
400 1 273 7
0 1
500 1 273 7                               
0 1
600 1 273 7
0 1
700 1 273 7
0 1
800 1 273 7
0 1
900 1 273 7
0 1
0 0 273 7                               
0 1
100 0 273 7
0 1
200 0 273 7
0 1
300 0 273 7
0 1
400 0 273 7
0 1
500 0 273 7                               
0 1
600 0 273 7
0 1
700 0 273 7
0 1
800 0 273 7
0 1
900 0 273 7
0 1
0 4 273 6                               
0 1
100 4 273 6
0 1
200 4 273 6
0 1
300 4 273 6
0 1
400 4 273 6
0 1
500 4 273 6                               
0 1
600 4 273 6
0 1
700 4 273 6
0 1
800 4 273 6
0 1
900 4 273 6
0 1
0 3 273 6                               
0 1
100 3 273 6
0 1
200 3 273 6
0 1
300 3 273 6
0 1
400 3 273 6
0 1
500 3 273 6                               
0 1
600 3 273 6
0 1
700 3 273 6
0 1
800 3 273 6
0 1
900 3 273 6
0 1
0 2 273 6                               
0 1
100 2 273 6
0 1
200 2 273 6
0 1
300 2 273 6
0 1
400 2 273 6
0 1
500 2 273 6                               
0 1
600 2 273 6
0 1
700 2 273 6
0 1
800 2 273 6
0 1
900 2 273 6
0 1
0 1 273 6                               
0 1
100 1 273 6
0 1
200 1 273 6
0 1
300 1 273 6
0 1
400 1 273 6
0 1
500 1 273 6                               
0 1
600 1 273 6
0 1
700 1 273 6
0 1
800 1 273 6
0 1
900 1 273 6
0 1
0 0 273 6                               
0 1
100 0 273 6
0 1
200 0 273 6
0 1
300 0 273 6
0 1
400 0 273 6
0 1
500 0 273 6                               
0 1
600 0 273 6
0 1
700 0 273 6
0 1
800 0 273 6
0 1
900 0 273 6
0 1
0 4 273 5                               
0 1
100 4 273 5
0 1
200 4 273 5
0 1
300 4 273 5
0 1
400 4 273 5
0 1
500 4 273 5                               
0 1
600 4 273 5
0 1
700 4 273 5
0 1
800 4 273 5
0 1
900 4 273 5
0 1
0 3 273 5                               
0 1
100 3 273 5
0 1
200 3 273 5
0 1
300 3 273 5
0 1
400 3 273 5
0 1
500 3 273 5                               
0 1
600 3 273 5
0 1
700 3 273 5
0 1
800 3 273 5
0 1
900 3 273 5
0 1
0 2 273 5                               
0 1
100 2 273 5
0 1
200 2 273 5
0 1
300 2 273 5
0 1
400 2 273 5
0 1
500 2 273 5                               
0 1
600 2 273 5
0 1
700 2 273 5
0 1
800 2 273 5
0 1
900 2 273 5
0 1
0 1 273 5                               
0 1
100 1 273 5
0 1
200 1 273 5
0 1
300 1 273 5
0 1
400 1 273 5
0 1
500 1 273 5                               
0 1
600 1 273 5
0 1
700 1 273 5
0 1
800 1 273 5
0 1
900 1 273 5
0 1
0 0 273 5                               
0 1
100 0 273 5
0 1
200 0 273 5
0 1
300 0 273 5
0 1
400 0 273 5
0 1
500 0 273 5                               
0 1
600 0 273 5
0 1
700 0 273 5
0 1
800 0 273 5
0 1
900 0 273 5
0 1
0 4 273 4                               
0 1
100 4 273 4
0 1
200 4 273 4
0 1
300 4 273 4
0 1
400 4 273 4
0 1
500 4 273 4                               
0 1
600 4 273 4
0 1
700 4 273 4
0 1
800 4 273 4
0 1
900 4 273 4
0 1
0 3 273 4                               
0 1
100 3 273 4
0 1
200 3 273 4
0 1
300 3 273 4
0 1
400 3 273 4
0 1
500 3 273 4                               
0 1
600 3 273 4
0 1
700 3 273 4
0 1
800 3 273 4
0 1
900 3 273 4
0 1
0 2 273 4                               
0 1
100 2 273 4
0 1
200 2 273 4
0 1
300 2 273 4
0 1
400 2 273 4
0 1
500 2 273 4                               
0 1
600 2 273 4
0 1
700 2 273 4
0 1
800 2 273 4
0 1
900 2 273 4
0 1
0 1 273 4                               
0 1
100 1 273 4
0 1
200 1 273 4
0 1
300 1 273 4
0 1
400 1 273 4
0 1
500 1 273 4                               
0 1
600 1 273 4
0 1
700 1 273 4
0 1
800 1 273 4
0 1
900 1 273 4
0 1
0 0 273 4                               
0 1
100 0 273 4
0 1
200 0 273 4
0 1
300 0 273 4
0 1
400 0 273 4
0 1
500 0 273 4                               
0 1
600 0 273 4
0 1
700 0 273 4
0 1
800 0 273 4
0 1
900 0 273 4
0 1
0 4 273 3                               
0 1
100 4 273 3
0 1
200 4 273 3
0 1
300 4 273 3
0 1
400 4 273 3
0 1
500 4 273 3                               
0 1
600 4 273 3
0 1
700 4 273 3
0 1
800 4 273 3
0 1
900 4 273 3
0 1
0 3 273 3                               
0 1
100 3 273 3
0 1
200 3 273 3
0 1
300 3 273 3
0 1
400 3 273 3
0 1
500 3 273 3                               
0 1
600 3 273 3
0 1
700 3 273 3
0 1
800 3 273 3
0 1
900 3 273 3
0 1
0 2 273 3                               
0 1
100 2 273 3
0 1
200 2 273 3
0 1
300 2 273 3
0 1
400 2 273 3
0 1
500 2 273 3                               
0 1
600 2 273 3
0 1
700 2 273 3
0 1
800 2 273 3
0 1
900 2 273 3
0 1
0 1 273 3                               
0 1
100 1 273 3
0 1
200 1 273 3
0 1
300 1 273 3
0 1
400 1 273 3
0 1
500 1 273 3                               
0 1
600 1 273 3
0 1
700 1 273 3
0 1
800 1 273 3
0 1
900 1 273 3
0 1
0 0 273 3                               
0 1
100 0 273 3
0 1
200 0 273 3
0 1
300 0 273 3
0 1
400 0 273 3
0 1
500 0 273 3                               
0 1
600 0 273 3
0 1
700 0 273 3
0 1
800 0 273 3
0 1
900 0 273 3
0 1
0 4 273 2                               
0 1
100 4 273 2
0 1
200 4 273 2
0 1
300 4 273 2
0 1
400 4 273 2
0 1
500 4 273 2                               
0 1
600 4 273 2
0 1
700 4 273 2
0 1
800 4 273 2
0 1
900 4 273 2
0 1
0 3 273 2                               
0 1
100 3 273 2
0 1
200 3 273 2
0 1
300 3 273 2
0 1
400 3 273 2
0 1
500 3 273 2                               
0 1
600 3 273 2
0 1
700 3 273 2
0 1
800 3 273 2
0 1
900 3 273 2
0 1
0 2 273 2                               
0 1
100 2 273 2
0 1
200 2 273 2
0 1
300 2 273 2
0 1
400 2 273 2
0 1
500 2 273 2                               
0 1
600 2 273 2
0 1
700 2 273 2
0 1
800 2 273 2
0 1
900 2 273 2
0 1
0 1 273 2                               
0 1
100 1 273 2
0 1
200 1 273 2
0 1
300 1 273 2
0 1
400 1 273 2
0 1
500 1 273 2                               
0 1
600 1 273 2
0 1
700 1 273 2
0 1
800 1 273 2
0 1
900 1 273 2
0 1
0 0 273 2                               
0 1
100 0 273 2
0 1
200 0 273 2
0 1
300 0 273 2
0 1
400 0 273 2
0 1
500 0 273 2                               
0 1
600 0 273 2
0 1
700 0 273 2
0 1
800 0 273 2
0 1
900 0 273 2
0 1
0 4 273 1                               
0 1
100 4 273 1
0 1
200 4 273 1
0 1
300 4 273 1
0 1
400 4 273 1
0 1
500 4 273 1                               
0 1
600 4 273 1
0 1
700 4 273 1
0 1
800 4 273 1
0 1
900 4 273 1
0 1
0 3 273 1                               
0 1
100 3 273 1
0 1
200 3 273 1
0 1
300 3 273 1
0 1
400 3 273 1
0 1
500 3 273 1                               
0 1
600 3 273 1
0 1
700 3 273 1
0 1
800 3 273 1
0 1
900 3 273 1
0 1
0 2 273 1                               
0 1
100 2 273 1
0 1
200 2 273 1
0 1
300 2 273 1
0 1
400 2 273 1
0 1
500 2 273 1                               
0 1
600 2 273 1
0 1
700 2 273 1
0 1
800 2 273 1
0 1
900 2 273 1
0 1
0 1 273 1                               
0 1
100 1 273 1
0 1
200 1 273 1
0 1
300 1 273 1
0 1
400 1 273 1
0 1
500 1 273 1                               
0 1
600 1 273 1
0 1
700 1 273 1
0 1
800 1 273 1
0 1
900 1 273 1
0 1
0 0 273 1                               
0 1
100 0 273 1
0 1
200 0 273 1
0 1
300 0 273 1
0 1
400 0 273 1
0 1
500 0 273 1                               
0 1
600 0 273 1
0 1
700 0 273 1
0 1
800 0 273 1
0 1
900 0 273 1
0 1
0 4 273 0                               
0 1
100 4 273 0
0 1
200 4 273 0
0 1
300 4 273 0
0 1
400 4 273 0
0 1
500 4 273 0                               
0 1
600 4 273 0
0 1
700 4 273 0
0 1
800 4 273 0
0 1
900 4 273 0
0 1
0 3 273 0                               
0 1
100 3 273 0
0 1
200 3 273 0
0 1
300 3 273 0
0 1
400 3 273 0
0 1
500 3 273 0                               
0 1
600 3 273 0
0 1
700 3 273 0
0 1
800 3 273 0
0 1
900 3 273 0
0 1
0 2 273 0                               
0 1
100 2 273 0
0 1
200 2 273 0
0 1
300 2 273 0
0 1
400 2 273 0
0 1
500 2 273 0                               
0 1
600 2 273 0
0 1
700 2 273 0
0 1
800 2 273 0
0 1
900 2 273 0
0 1
0 1 273 0                               
0 1
100 1 273 0
0 1
200 1 273 0
0 1
300 1 273 0
0 1
400 1 273 0
0 1
500 1 273 0                               
0 1
600 1 273 0
0 1
700 1 273 0
0 1
800 1 273 0
0 1
900 1 273 0
0 1
0 0 273 0                               
0 1
100 0 273 0
0 1
200 0 273 0
0 1
300 0 273 0
0 1
400 0 273 0
0 1
500 0 273 0                               
0 1
600 0 273 0
0 1
700 0 273 0
0 1
800 0 273 0
0 1
900 0 273 0
0 1
0 4 273 15                               
1 0
100 4 273 16
1 0
200 4 273 16
1 0
300 4 273 16
1 0
400 4 273 16
1 0
500 4 273 16                               
1 0
600 4 273 16
1 0
700 4 273 16
1 0
800 4 273 16
1 0
900 4 273 16
1 0
0 3 273 16                               
1 0
100 3 273 16
1 0
200 3 273 16
1 0
300 3 273 16
1 0
400 3 273 16
1 0
500 3 273 16                               
0 1
600 3 273 16
0 1
700 3 273 16
0 1
800 3 273 16
0 1
900 3 273 16
0 1
0 2 273 16                               
0 1
100 2 273 16
0 1
200 2 273 16
0 1
300 2 273 16
0 1
400 2 273 16
0 1
500 2 273 16                               
0 1
600 2 273 16
0 1
700 2 273 16
0 1
800 2 273 16
0 1
900 2 273 16
0 1
0 1 273 16                               
0 1
100 1 273 16
0 1
200 1 273 16
0 1
300 1 273 16
0 1
400 1 273 16
0 1
500 1 273 16                               
0 1
600 1 273 16
0 1
700 1 273 16
0 1
800 1 273 16
0 1
900 1 273 16
0 1
0 0 273 16                               
0 1
100 0 273 16
0 1
200 0 273 16
0 1
300 0 273 16
0 1
400 0 273 16
0 1
500 0 273 16                               
0 1
600 0 273 16
0 1
700 0 273 16
0 1
800 0 273 16
0 1
900 0 273 16
0 1
0 4 273 17                               
1 0
100 4 273 17
1 0
200 4 273 17
1 0
300 4 273 17
1 0
400 4 273 17
1 0
500 4 273 17                               
1 0
600 4 273 17
1 0
700 4 273 17
1 0
800 4 273 17
1 0
900 4 273 17
1 0
0 3 273 17                               
1 0
100 3 273 17
1 0
200 3 273 17
1 0
300 3 273 17
1 0
400 3 273 17
1 0
500 3 273 17                               
0 1
600 3 273 17
0 1
700 3 273 17
0 1
800 3 273 17
0 1
900 3 273 17
0 1
0 2 273 17                               
0 1
100 2 273 17
0 1
200 2 273 17
0 1
300 2 273 17
0 1
400 2 273 17
0 1
500 2 273 17                               
0 1
600 2 273 17
0 1
700 2 273 17
0 1
800 2 273 17
0 1
900 2 273 17
0 1
0 1 273 17                               
0 1
100 1 273 17
0 1
200 1 273 17
0 1
300 1 273 17
0 1
400 1 273 17
0 1
500 1 273 17                               
0 1
600 1 273 17
0 1
700 1 273 17
0 1
800 1 273 17
0 1
900 1 273 17
0 1
0 0 273 17                               
0 1
100 0 273 17
0 1
200 0 273 17
0 1
300 0 273 17
0 1
400 0 273 17
0 1
500 0 273 17                               
0 1
600 0 273 17
0 1
700 0 273 17
0 1
800 0 273 17
0 1
900 0 273 17
0 1
0 4 273 18                               
1 0
100 4 273 18
1 0
200 4 273 18
1 0
300 4 273 18
1 0
400 4 273 18
1 0
500 4 273 18                               
1 0
600 4 273 18
1 0
700 4 273 18
1 0
800 4 273 18
1 0
900 4 273 18
1 0
0 3 273 18                               
1 0
100 3 273 18
1 0
200 3 273 18
1 0
300 3 273 18
1 0
400 3 273 18
1 0
500 3 273 18                               
0 1
600 3 273 18
0 1
700 3 273 18
0 1
800 3 273 18
0 1
900 3 273 18
0 1
0 2 273 18                               
0 1
100 2 273 18
0 1
200 2 273 18
0 1
300 2 273 18
0 1
400 2 273 18
0 1
500 2 273 18                               
0 1
600 2 273 18
0 1
700 2 273 18
0 1
800 2 273 18
0 1
900 2 273 18
0 1
0 1 273 18                               
0 1
100 1 273 18
0 1
200 1 273 18
0 1
300 1 273 18
0 1
400 1 273 18
0 1
500 1 273 18                               
0 1
600 1 273 18
0 1
700 1 273 18
0 1
800 1 273 18
0 1
900 1 273 18
0 1
0 0 273 18                               
0 1
100 0 273 18
0 1
200 0 273 18
0 1
300 0 273 18
0 1
400 0 273 18
0 1
500 0 273 18                               
0 1
600 0 273 18
0 1
700 0 273 18
0 1
800 0 273 18
0 1
900 0 273 18
0 1
0 4 273 19                               
1 0
100 4 273 19
1 0
200 4 273 19
1 0
300 4 273 19
1 0
400 4 273 19
1 0
500 4 273 19                               
1 0
600 4 273 19
1 0
700 4 273 19
1 0
800 4 273 19
1 0
900 4 273 19
1 0
0 3 273 19                               
1 0
100 3 273 19
1 0
200 3 273 19
1 0
300 3 273 19
1 0
400 3 273 19
1 0
500 3 273 19                               
0 1
600 3 273 19
0 1
700 3 273 19
0 1
800 3 273 19
0 1
900 3 273 19
0 1
0 2 273 19                               
0 1
100 2 273 19
0 1
200 2 273 19
0 1
300 2 273 19
0 1
400 2 273 19
0 1
500 2 273 19                               
0 1
600 2 273 19
0 1
700 2 273 19
0 1
800 2 273 19
0 1
900 2 273 19
0 1
0 1 273 19                               
0 1
100 1 273 19
0 1
200 1 273 19
0 1
300 1 273 19
0 1
400 1 273 19
0 1
500 1 273 19                               
0 1
600 1 273 19
0 1
700 1 273 19
0 1
800 1 273 19
0 1
900 1 273 19
0 1
0 0 273 19                               
0 1
100 0 273 19
0 1
200 0 273 19
0 1
300 0 273 19
0 1
400 0 273 19
0 1
500 0 273 19                               
0 1
600 0 273 19
0 1
700 0 273 19
0 1
800 0 273 19
0 1
900 0 273 19
0 1
0 4 273 20                               
1 0
100 4 273 20
1 0
200 4 273 20
1 0
300 4 273 20
1 0
400 4 273 20
1 0
500 4 273 20                               
1 0
600 4 273 20
1 0
700 4 273 20
1 0
800 4 273 20
1 0
900 4 273 20
1 0
0 3 273 20                               
1 0
100 3 273 20
1 0
200 3 273 20
1 0
300 3 273 20
1 0
400 3 273 20
1 0
500 3 273 20                               
0 1
600 3 273 20
0 1
700 3 273 20
0 1
800 3 273 20
0 1
900 3 273 20
0 1
0 2 273 20                               
0 1
100 2 273 20
0 1
200 2 273 20
0 1
300 2 273 20
0 1
400 2 273 20
0 1
500 2 273 20                               
0 1
600 2 273 20
0 1
700 2 273 20
0 1
800 2 273 20
0 1
900 2 273 20
0 1
0 1 273 20                               
0 1
100 1 273 20
0 1
200 1 273 20
0 1
300 1 273 20
0 1
400 1 273 20
0 1
500 1 273 20                               
0 1
600 1 273 20
0 1
700 1 273 20
0 1
800 1 273 20
0 1
900 1 273 20
0 1
0 0 273 20                               
0 1
100 0 273 20
0 1
200 0 273 20
0 1
300 0 273 20
0 1
400 0 273 20
0 1
500 0 273 20                               
0 1
600 0 273 20
0 1
700 0 273 20
0 1
800 0 273 20
0 1
900 0 273 20
0 1
0 4 273 24                               
0 1
100 4 273 24
0 1
200 4 273 24
0 1
300 4 273 24
0 1
400 4 273 24
0 1
500 4 273 24                               
0 1
600 4 273 24
0 1
700 4 273 24
0 1
800 4 273 24
0 1
900 4 273 24
0 1
0 3 273 24                               
0 1
100 3 273 24
0 1
200 3 273 24
0 1
300 3 273 24
0 1
400 3 273 24
0 1
500 3 273 24                               
0 1
600 3 273 24
0 1
700 3 273 24
0 1
800 3 273 24
0 1
900 3 273 24
0 1
0 2 273 24                               
0 1
100 2 273 24
0 1
200 2 273 24
0 1
300 2 273 24
0 1
400 2 273 24
0 1
500 2 273 24                               
0 1
600 2 273 24
0 1
700 2 273 24
0 1
800 2 273 24
0 1
900 2 273 24
0 1
0 1 273 24                               
0 1
100 1 273 24
0 1
200 1 273 24
0 1
300 1 273 24
0 1
400 1 273 24
0 1
500 1 273 24                               
0 1
600 1 273 24
0 1
700 1 273 24
0 1
800 1 273 24
0 1
900 1 273 24
0 1
0 0 273 24                               
0 1
100 0 273 24
0 1
200 0 273 24
0 1
300 0 273 24
0 1
400 0 273 24
0 1
500 0 273 24                               
0 1
600 0 273 24
0 1
700 0 273 24
0 1
800 0 273 24
0 1
900 0 273 24
0 1
0 4 273 23                               
0 1
100 4 273 23
0 1
200 4 273 23
0 1
300 4 273 23
0 1
400 4 273 23
0 1
500 4 273 23                               
0 1
600 4 273 23
0 1
700 4 273 23
0 1
800 4 273 23
0 1
900 4 273 23
0 1
0 3 273 23                               
0 1
100 3 273 23
0 1
200 3 273 23
0 1
300 3 273 23
0 1
400 3 273 23
0 1
500 3 273 23                               
0 1
600 3 273 23
0 1
700 3 273 23
0 1
800 3 273 23
0 1
900 3 273 23
0 1
0 2 273 23                               
0 1
100 2 273 23
0 1
200 2 273 23
0 1
300 2 273 23
0 1
400 2 273 23
0 1
500 2 273 23                               
0 1
600 2 273 23
0 1
700 2 273 23
0 1
800 2 273 23
0 1
900 2 273 23
0 1
0 1 273 23                               
0 1
100 1 273 23
0 1
200 1 273 23
0 1
300 1 273 23
0 1
400 1 273 23
0 1
500 1 273 23                               
0 1
600 1 273 23
0 1
700 1 273 23
0 1
800 1 273 23
0 1
900 1 273 23
0 1
0 0 273 23                               
0 1
100 0 273 23
0 1
200 0 273 23
0 1
300 0 273 23
0 1
400 0 273 23
0 1
500 0 273 23                               
0 1
600 0 273 23
0 1
700 0 273 23
0 1
800 0 273 23
0 1
900 0 273 23
0 1
0 4 273 22                               
0 1
100 4 273 22
0 1
200 4 273 22
0 1
300 4 273 22
0 1
400 4 273 22
0 1
500 4 273 22                               
0 1
600 4 273 22
0 1
700 4 273 22
0 1
800 4 273 22
0 1
900 4 273 22
0 1
0 3 273 22                               
0 1
100 3 273 22
0 1
200 3 273 22
0 1
300 3 273 22
0 1
400 3 273 22
0 1
500 3 273 22                               
0 1
600 3 273 22
0 1
700 3 273 22
0 1
800 3 273 22
0 1
900 3 273 22
0 1
0 2 273 22                               
0 1
100 2 273 22
0 1
200 2 273 22
0 1
300 2 273 22
0 1
400 2 273 22
0 1
500 2 273 22                               
0 1
600 2 273 22
0 1
700 2 273 22
0 1
800 2 273 22
0 1
900 2 273 22
0 1
0 1 273 22                               
0 1
100 1 273 22
0 1
200 1 273 22
0 1
300 1 273 22
0 1
400 1 273 22
0 1
500 1 273 22                               
0 1
600 1 273 22
0 1
700 1 273 22
0 1
800 1 273 22
0 1
900 1 273 22
0 1
0 0 273 22                               
0 1
100 0 273 22
0 1
200 0 273 22
0 1
300 0 273 22
0 1
400 0 273 22
0 1
500 0 273 22                               
0 1
600 0 273 22
0 1
700 0 273 22
0 1
800 0 273 22
0 1
900 0 273 22
0 1
0 4 273 21                               
0 1
100 4 273 21
0 1
200 4 273 21
0 1
300 4 273 21
0 1
400 4 273 21
0 1
500 4 273 21                               
0 1
600 4 273 21
0 1
700 4 273 21
0 1
800 4 273 21
0 1
900 4 273 21
0 1
0 3 273 21                               
0 1
100 3 273 21
0 1
200 3 273 21
0 1
300 3 273 21
0 1
400 3 273 21
0 1
500 3 273 21                               
0 1
600 3 273 21
0 1
700 3 273 21
0 1
800 3 273 21
0 1
900 3 273 21
0 1
0 2 273 21                               
0 1
100 2 273 21
0 1
200 2 273 21
0 1
300 2 273 21
0 1
400 2 273 21
0 1
500 2 273 21                               
0 1
600 2 273 21
0 1
700 2 273 21
0 1
800 2 273 21
0 1
900 2 273 21
0 1
0 1 273 21                               
0 1
100 1 273 21
0 1
200 1 273 21
0 1
300 1 273 21
0 1
400 1 273 21
0 1
500 1 273 21                               
0 1
600 1 273 21
0 1
700 1 273 21
0 1
800 1 273 21
0 1
900 1 273 21
0 1
0 0 273 21                               
0 1
100 0 273 21
0 1
200 0 273 21
0 1
300 0 273 21
0 1
400 0 273 21
0 1
500 0 273 21                               
0 1
600 0 273 21
0 1
700 0 273 21
0 1
800 0 273 21
0 1
900 0 273 21
0 1
0 4 273 25                               
0 1
100 4 273 25
0 1
200 4 273 25
0 1
300 4 273 25
0 1
400 4 273 25
0 1
500 4 273 25                               
0 1
600 4 273 25
0 1
700 4 273 25
0 1
800 4 273 25
0 1
900 4 273 25
0 1
0 3 273 25                               
0 1
100 3 273 25
0 1
200 3 273 25
0 1
300 3 273 25
0 1
400 3 273 25
0 1
500 3 273 25                               
0 1
600 3 273 25
0 1
700 3 273 25
0 1
800 3 273 25
0 1
900 3 273 25
0 1
0 2 273 25                               
0 1
100 2 273 25
0 1
200 2 273 25
0 1
300 2 273 25
0 1
400 2 273 25
0 1
500 2 273 25                               
0 1
600 2 273 25
0 1
700 2 273 25
0 1
800 2 273 25
0 1
900 2 273 25
0 1
0 1 273 25                               
0 1
100 1 273 25
0 1
200 1 273 25
0 1
300 1 273 25
0 1
400 1 273 25
0 1
500 1 273 25                               
0 1
600 1 273 25
0 1
700 1 273 25
0 1
800 1 273 25
0 1
900 1 273 25
0 1
0 0 273 25                               
0 1
100 0 273 25
0 1
200 0 273 25
0 1
300 0 273 25
0 1
400 0 273 25
0 1
500 0 273 25                               
0 1
600 0 273 25
0 1
700 0 273 25
0 1
800 0 273 25
0 1
900 0 273 25
0 1
0 4 273 26                               
0 1
100 4 273 26
0 1
200 4 273 26
0 1
300 4 273 26
0 1
400 4 273 26
0 1
500 4 273 26                               
0 1
600 4 273 26
0 1
700 4 273 26
0 1
800 4 273 26
0 1
900 4 273 26
0 1
0 3 273 26                               
0 1
100 3 273 26
0 1
200 3 273 26
0 1
300 3 273 26
0 1
400 3 273 26
0 1
500 3 273 26                               
0 1
600 3 273 26
0 1
700 3 273 26
0 1
800 3 273 26
0 1
900 3 273 26
0 1
0 2 273 26                               
0 1
100 2 273 26
0 1
200 2 273 26
0 1
300 2 273 26
0 1
400 2 273 26
0 1
500 2 273 26                               
0 1
600 2 273 26
0 1
700 2 273 26
0 1
800 2 273 26
0 1
900 2 273 26
0 1
0 1 273 26                               
0 1
100 1 273 26
0 1
200 1 273 26
0 1
300 1 273 26
0 1
400 1 273 26
0 1
500 1 273 26                               
0 1
600 1 273 26
0 1
700 1 273 26
0 1
800 1 273 26
0 1
900 1 273 26
0 1
0 0 273 26                               
0 1
100 0 273 26
0 1
200 0 273 26
0 1
300 0 273 26
0 1
400 0 273 26
0 1
500 0 273 26                               
0 1
600 0 273 26
0 1
700 0 273 26
0 1
800 0 273 26
0 1
900 0 273 26
0 1
0 4 273 27                               
0 1
100 4 273 27
0 1
200 4 273 27
0 1
300 4 273 27
0 1
400 4 273 27
0 1
500 4 273 27                               
0 1
600 4 273 27
0 1
700 4 273 27
0 1
800 4 273 27
0 1
900 4 273 27
0 1
0 3 273 27                               
0 1
100 3 273 27
0 1
200 3 273 27
0 1
300 3 273 27
0 1
400 3 273 27
0 1
500 3 273 27                               
0 1
600 3 273 27
0 1
700 3 273 27
0 1
800 3 273 27
0 1
900 3 273 27
0 1
0 2 273 27                               
0 1
100 2 273 27
0 1
200 2 273 27
0 1
300 2 273 27
0 1
400 2 273 27
0 1
500 2 273 27                               
0 1
600 2 273 27
0 1
700 2 273 27
0 1
800 2 273 27
0 1
900 2 273 27
0 1
0 1 273 27                               
0 1
100 1 273 27
0 1
200 1 273 27
0 1
300 1 273 27
0 1
400 1 273 27
0 1
500 1 273 27                               
0 1
600 1 273 27
0 1
700 1 273 27
0 1
800 1 273 27
0 1
900 1 273 27
0 1
0 0 273 27                               
0 1
100 0 273 27
0 1
200 0 273 27
0 1
300 0 273 27
0 1
400 0 273 27
0 1
500 0 273 27                               
0 1
600 0 273 27
0 1
700 0 273 27
0 1
800 0 273 27
0 1
900 0 273 27
0 1
0 4 273 28                               
0 1
100 4 273 28
0 1
200 4 273 28
0 1
300 4 273 28
0 1
400 4 273 28
0 1
500 4 273 28                               
0 1
600 4 273 28
0 1
700 4 273 28
0 1
800 4 273 28
0 1
900 4 273 28
0 1
0 3 273 28                               
0 1
100 3 273 28
0 1
200 3 273 28
0 1
300 3 273 28
0 1
400 3 273 28
0 1
500 3 273 28                               
0 1
600 3 273 28
0 1
700 3 273 28
0 1
800 3 273 28
0 1
900 3 273 28
0 1
0 2 273 28                               
0 1
100 2 273 28
0 1
200 2 273 28
0 1
300 2 273 28
0 1
400 2 273 28
0 1
500 2 273 28                               
0 1
600 2 273 28
0 1
700 2 273 28
0 1
800 2 273 28
0 1
900 2 273 28
0 1
0 1 273 28                               
0 1
100 1 273 28
0 1
200 1 273 28
0 1
300 1 273 28
0 1
400 1 273 28
0 1
500 1 273 28                               
0 1
600 1 273 28
0 1
700 1 273 28
0 1
800 1 273 28
0 1
900 1 273 28
0 1
0 0 273 28                               
0 1
100 0 273 28
0 1
200 0 273 28
0 1
300 0 273 28
0 1
400 0 273 28
0 1
500 0 273 28                               
0 1
600 0 273 28
0 1
700 0 273 28
0 1
800 0 273 28
0 1
900 0 273 28
0 1
0 4 273 29                               
0 1
100 4 273 29
0 1
200 4 273 29
0 1
300 4 273 29
0 1
400 4 273 29
0 1
500 4 273 29                               
0 1
600 4 273 29
0 1
700 4 273 29
0 1
800 4 273 29
0 1
900 4 273 29
0 1
0 3 273 29                               
0 1
100 3 273 29
0 1
200 3 273 29
0 1
300 3 273 29
0 1
400 3 273 29
0 1
500 3 273 29                               
0 1
600 3 273 29
0 1
700 3 273 29
0 1
800 3 273 29
0 1
900 3 273 29
0 1
0 2 273 29                               
0 1
100 2 273 29
0 1
200 2 273 29
0 1
300 2 273 29
0 1
400 2 273 29
0 1
500 2 273 29                               
0 1
600 2 273 29
0 1
700 2 273 29
0 1
800 2 273 29
0 1
900 2 273 29
0 1
0 1 273 29                               
0 1
100 1 273 29
0 1
200 1 273 29
0 1
300 1 273 29
0 1
400 1 273 29
0 1
500 1 273 29                               
0 1
600 1 273 29
0 1
700 1 273 29
0 1
800 1 273 29
0 1
900 1 273 29
0 1
0 0 273 29                               
0 1
100 0 273 29
0 1
200 0 273 29
0 1
300 0 273 29
0 1
400 0 273 29
0 1
500 0 273 29                               
0 1
600 0 273 29
0 1
700 0 273 29
0 1
800 0 273 29
0 1
900 0 273 29
0 1
0 4 273 30                               
0 1
100 4 273 30
0 1
200 4 273 30
0 1
300 4 273 30
0 1
400 4 273 30
0 1
500 4 273 30                               
0 1
600 4 273 30
0 1
700 4 273 30
0 1
800 4 273 30
0 1
900 4 273 30
0 1
0 3 273 30                               
0 1
100 3 273 30
0 1
200 3 273 30
0 1
300 3 273 30
0 1
400 3 273 30
0 1
500 3 273 30                               
0 1
600 3 273 30
0 1
700 3 273 30
0 1
800 3 273 30
0 1
900 3 273 30
0 1
0 2 273 30                               
0 1
100 2 273 30
0 1
200 2 273 30
0 1
300 2 273 30
0 1
400 2 273 30
0 1
500 2 273 30                               
0 1
600 2 273 30
0 1
700 2 273 30
0 1
800 2 273 30
0 1
900 2 273 30
0 1
0 1 273 30                               
0 1
100 1 273 30
0 1
200 1 273 30
0 1
300 1 273 30
0 1
400 1 273 30
0 1
500 1 273 30                               
0 1
600 1 273 30
0 1
700 1 273 30
0 1
800 1 273 30
0 1
900 1 273 30
0 1
0 0 273 30                               
0 1
100 0 273 30
0 1
200 0 273 30
0 1
300 0 273 30
0 1
400 0 273 30
0 1
500 0 273 30                               
0 1
600 0 273 30
0 1
700 0 273 30
0 1
800 0 273 30
0 1
900 0 273 30
0 1
0 4 273 31                               
0 1
100 4 273 31
0 1
200 4 273 31
0 1
300 4 273 31
0 1
400 4 273 31
0 1
500 4 273 31                               
0 1
600 4 273 31
0 1
700 4 273 31
0 1
800 4 273 31
0 1
900 4 273 31
0 1
0 3 273 31                               
0 1
100 3 273 31
0 1
200 3 273 31
0 1
300 3 273 31
0 1
400 3 273 31
0 1
500 3 273 31                               
0 1
600 3 273 31
0 1
700 3 273 31
0 1
800 3 273 31
0 1
900 3 273 31
0 1
0 2 273 31                               
0 1
100 2 273 31
0 1
200 2 273 31
0 1
300 2 273 31
0 1
400 2 273 31
0 1
500 2 273 31                               
0 1
600 2 273 31
0 1
700 2 273 31
0 1
800 2 273 31
0 1
900 2 273 31
0 1
0 1 273 31                               
0 1
100 1 273 31
0 1
200 1 273 31
0 1
300 1 273 31
0 1
400 1 273 31
0 1
500 1 273 31                               
0 1
600 1 273 31
0 1
700 1 273 31
0 1
800 1 273 31
0 1
900 1 273 31
0 1
0 0 273 31                               
0 1
100 0 273 31
0 1
200 0 273 31
0 1
300 0 273 31
0 1
400 0 273 31
0 1
500 0 273 31                               
0 1
600 0 273 31
0 1
700 0 273 31
0 1
800 0 273 31
0 1
900 0 273 31
0 1
0 4 273 32                               
0 1
100 4 273 32
0 1
200 4 273 32
0 1
300 4 273 32
0 1
400 4 273 32
0 1
500 4 273 32                               
0 1
600 4 273 32
0 1
700 4 273 32
0 1
800 4 273 32
0 1
900 4 273 32
0 1
0 3 273 32                               
0 1
100 3 273 32
0 1
200 3 273 32
0 1
300 3 273 32
0 1
400 3 273 32
0 1
500 3 273 32                               
0 1
600 3 273 32
0 1
700 3 273 32
0 1
800 3 273 32
0 1
900 3 273 32
0 1
0 2 273 32                               
0 1
100 2 273 32
0 1
200 2 273 32
0 1
300 2 273 32
0 1
400 2 273 32
0 1
500 2 273 32                               
0 1
600 2 273 32
0 1
700 2 273 32
0 1
800 2 273 32
0 1
900 2 273 32
0 1
0 1 273 32                               
0 1
100 1 273 32
0 1
200 1 273 32
0 1
300 1 273 32
0 1
400 1 273 32
0 1
500 1 273 32                               
0 1
600 1 273 32
0 1
700 1 273 32
0 1
800 1 273 32
0 1
900 1 273 32
0 1
0 0 273 32                               
0 1
100 0 273 32
0 1
200 0 273 32
0 1
300 0 273 32
0 1
400 0 273 32
0 1
500 0 273 32                               
0 1
600 0 273 32
0 1
700 0 273 32
0 1
800 0 273 32
0 1
900 0 273 32
0 1